Mismatch on box 235, triangle 32778
Base:True Mine:False
Centre: [0.047345,0.08530223,-0.02679867]
Extents: [0.047345,0.05139084,0.005388623]
t0: [-0.000751,0.033968,-0.021536]
t1: [0.000337,0.033845,-0.021634]
t2: [-0.000108,0.034081,-0.019879]

